D
107
185
1 2
1 3
1 4
1 5
1 6
2 1
2 3
2 4
2 5
2 6
3 1
3 2
3 4
3 5
3 6
4 1
4 2
4 3
4 5
4 6
5 1
5 2
5 3
5 4
5 6
6 1
6 2
6 3
6 4
6 5
7 8
8 9
9 10
10 11
11 12
14 15
15 16
16 17
17 18
21 22
22 23
23 24
28 29
29 30
35 36
14 13
20 19
21 20
26 25
27 26
28 27
32 31
33 32
34 33
35 34
38 37
39 38
40 39
41 40
42 41
8 14
9 15
15 21
10 16
16 22
22 28
11 17
17 23
23 29
29 35
12 18
18 24
24 30
30 36
36 42
13 7
19 13
25 19
31 25
37 31
20 14
26 20
32 26
38 32
27 21
33 27
39 33
34 28
40 34
41 35
66 65
65 66
65 64
64 65
64 63
63 64
63 62
62 63
62 61
61 62
61 60
60 61
60 59
59 60
59 58
58 59
58 57
57 58
57 56
56 57
56 55
55 56
55 54
54 55
54 53
53 54
53 52
52 53
52 51
51 52
51 50
50 51
50 49
49 50
49 48
48 49
48 47
47 48
47 46
46 47
46 45
45 46
45 44
44 45
44 43
43 44
67 68
68 69
69 70
70 71
71 72
72 73
73 74
74 75
75 76
76 77
77 78
78 79
79 80
80 81
81 82
82 83
83 84
84 85
85 86
86 87
87 88
88 89
89 90
90 91
91 92
92 93
93 94
94 95
95 96
96 97
97 98
98 99
99 100
100 101
101 102
102 103
103 104
104 105
105 106
106 67
1 7
4 7
3 67
12 43
37 43
42 43
66 107
106 107
86 107
