D
1008
1609
1 2
1 3
1 4
1 5
1 6
1 7
2 1
2 3
2 4
2 5
2 6
2 7
3 1
3 2
3 4
3 5
3 6
3 7
4 1
4 2
4 3
4 5
4 6
4 7
5 1
5 2
5 3
5 4
5 6
5 7
6 1
6 2
6 3
6 4
6 5
6 7
7 1
7 2
7 3
7 4
7 5
7 6
8 9
9 10
10 11
11 12
12 13
13 14
14 15
15 16
16 17
17 18
18 19
19 20
20 21
21 22
22 23
23 24
24 25
25 26
26 27
29 30
30 31
31 32
32 33
33 34
34 35
35 36
36 37
37 38
38 39
39 40
40 41
41 42
42 43
43 44
44 45
45 46
46 47
50 51
51 52
52 53
53 54
54 55
55 56
56 57
57 58
58 59
59 60
60 61
61 62
62 63
63 64
64 65
65 66
66 67
71 72
72 73
73 74
74 75
75 76
76 77
77 78
78 79
79 80
80 81
81 82
82 83
83 84
84 85
85 86
86 87
92 93
93 94
94 95
95 96
96 97
97 98
98 99
99 100
100 101
101 102
102 103
103 104
104 105
105 106
106 107
113 114
114 115
115 116
116 117
117 118
118 119
119 120
120 121
121 122
122 123
123 124
124 125
125 126
126 127
134 135
135 136
136 137
137 138
138 139
139 140
140 141
141 142
142 143
143 144
144 145
145 146
146 147
155 156
156 157
157 158
158 159
159 160
160 161
161 162
162 163
163 164
164 165
165 166
166 167
176 177
177 178
178 179
179 180
180 181
181 182
182 183
183 184
184 185
185 186
186 187
197 198
198 199
199 200
200 201
201 202
202 203
203 204
204 205
205 206
206 207
218 219
219 220
220 221
221 222
222 223
223 224
224 225
225 226
226 227
239 240
240 241
241 242
242 243
243 244
244 245
245 246
246 247
260 261
261 262
262 263
263 264
264 265
265 266
266 267
281 282
282 283
283 284
284 285
285 286
286 287
302 303
303 304
304 305
305 306
306 307
323 324
324 325
325 326
326 327
344 345
345 346
346 347
365 366
366 367
386 387
29 28
49 48
50 49
69 68
70 69
71 70
89 88
90 89
91 90
92 91
109 108
110 109
111 110
112 111
113 112
129 128
130 129
131 130
132 131
133 132
134 133
149 148
150 149
151 150
152 151
153 152
154 153
155 154
169 168
170 169
171 170
172 171
173 172
174 173
175 174
176 175
189 188
190 189
191 190
192 191
193 192
194 193
195 194
196 195
197 196
209 208
210 209
211 210
212 211
213 212
214 213
215 214
216 215
217 216
218 217
229 228
230 229
231 230
232 231
233 232
234 233
235 234
236 235
237 236
238 237
239 238
249 248
250 249
251 250
252 251
253 252
254 253
255 254
256 255
257 256
258 257
259 258
260 259
269 268
270 269
271 270
272 271
273 272
274 273
275 274
276 275
277 276
278 277
279 278
280 279
281 280
289 288
290 289
291 290
292 291
293 292
294 293
295 294
296 295
297 296
298 297
299 298
300 299
301 300
302 301
309 308
310 309
311 310
312 311
313 312
314 313
315 314
316 315
317 316
318 317
319 318
320 319
321 320
322 321
323 322
329 328
330 329
331 330
332 331
333 332
334 333
335 334
336 335
337 336
338 337
339 338
340 339
341 340
342 341
343 342
344 343
349 348
350 349
351 350
352 351
353 352
354 353
355 354
356 355
357 356
358 357
359 358
360 359
361 360
362 361
363 362
364 363
365 364
369 368
370 369
371 370
372 371
373 372
374 373
375 374
376 375
377 376
378 377
379 378
380 379
381 380
382 381
383 382
384 383
385 384
386 385
389 388
390 389
391 390
392 391
393 392
394 393
395 394
396 395
397 396
398 397
399 398
400 399
401 400
402 401
403 402
404 403
405 404
406 405
407 406
9 29
10 30
30 50
11 31
31 51
51 71
12 32
32 52
52 72
72 92
13 33
33 53
53 73
73 93
93 113
14 34
34 54
54 74
74 94
94 114
114 134
15 35
35 55
55 75
75 95
95 115
115 135
135 155
16 36
36 56
56 76
76 96
96 116
116 136
136 156
156 176
17 37
37 57
57 77
77 97
97 117
117 137
137 157
157 177
177 197
18 38
38 58
58 78
78 98
98 118
118 138
138 158
158 178
178 198
198 218
19 39
39 59
59 79
79 99
99 119
119 139
139 159
159 179
179 199
199 219
219 239
20 40
40 60
60 80
80 100
100 120
120 140
140 160
160 180
180 200
200 220
220 240
240 260
21 41
41 61
61 81
81 101
101 121
121 141
141 161
161 181
181 201
201 221
221 241
241 261
261 281
22 42
42 62
62 82
82 102
102 122
122 142
142 162
162 182
182 202
202 222
222 242
242 262
262 282
282 302
23 43
43 63
63 83
83 103
103 123
123 143
143 163
163 183
183 203
203 223
223 243
243 263
263 283
283 303
303 323
24 44
44 64
64 84
84 104
104 124
124 144
144 164
164 184
184 204
204 224
224 244
244 264
264 284
284 304
304 324
324 344
25 45
45 65
65 85
85 105
105 125
125 145
145 165
165 185
185 205
205 225
225 245
245 265
265 285
285 305
305 325
325 345
345 365
26 46
46 66
66 86
86 106
106 126
126 146
146 166
166 186
186 206
206 226
226 246
246 266
266 286
286 306
306 326
326 346
346 366
366 386
27 47
47 67
67 87
87 107
107 127
127 147
147 167
167 187
187 207
207 227
227 247
247 267
267 287
287 307
307 327
327 347
347 367
367 387
387 407
28 8
48 28
68 48
88 68
108 88
128 108
148 128
168 148
188 168
208 188
228 208
248 228
268 248
288 268
308 288
328 308
348 328
368 348
388 368
49 29
69 49
89 69
109 89
129 109
149 129
169 149
189 169
209 189
229 209
249 229
269 249
289 269
309 289
329 309
349 329
369 349
389 369
70 50
90 70
110 90
130 110
150 130
170 150
190 170
210 190
230 210
250 230
270 250
290 270
310 290
330 310
350 330
370 350
390 370
91 71
111 91
131 111
151 131
171 151
191 171
211 191
231 211
251 231
271 251
291 271
311 291
331 311
351 331
371 351
391 371
112 92
132 112
152 132
172 152
192 172
212 192
232 212
252 232
272 252
292 272
312 292
332 312
352 332
372 352
392 372
133 113
153 133
173 153
193 173
213 193
233 213
253 233
273 253
293 273
313 293
333 313
353 333
373 353
393 373
154 134
174 154
194 174
214 194
234 214
254 234
274 254
294 274
314 294
334 314
354 334
374 354
394 374
175 155
195 175
215 195
235 215
255 235
275 255
295 275
315 295
335 315
355 335
375 355
395 375
196 176
216 196
236 216
256 236
276 256
296 276
316 296
336 316
356 336
376 356
396 376
217 197
237 217
257 237
277 257
297 277
317 297
337 317
357 337
377 357
397 377
238 218
258 238
278 258
298 278
318 298
338 318
358 338
378 358
398 378
259 239
279 259
299 279
319 299
339 319
359 339
379 359
399 379
280 260
300 280
320 300
340 320
360 340
380 360
400 380
301 281
321 301
341 321
361 341
381 361
401 381
322 302
342 322
362 342
382 362
402 382
343 323
363 343
383 363
403 383
364 344
384 364
404 384
385 365
405 385
406 386
607 606
606 607
606 605
605 606
605 604
604 605
604 603
603 604
603 602
602 603
602 601
601 602
601 600
600 601
600 599
599 600
599 598
598 599
598 597
597 598
597 596
596 597
596 595
595 596
595 594
594 595
594 593
593 594
593 592
592 593
592 591
591 592
591 590
590 591
590 589
589 590
589 588
588 589
588 587
587 588
587 586
586 587
586 585
585 586
585 584
584 585
584 583
583 584
583 582
582 583
582 581
581 582
581 580
580 581
580 579
579 580
579 578
578 579
578 577
577 578
577 576
576 577
576 575
575 576
575 574
574 575
574 573
573 574
573 572
572 573
572 571
571 572
571 570
570 571
570 569
569 570
569 568
568 569
568 567
567 568
567 566
566 567
566 565
565 566
565 564
564 565
564 563
563 564
563 562
562 563
562 561
561 562
561 560
560 561
560 559
559 560
559 558
558 559
558 557
557 558
557 556
556 557
556 555
555 556
555 554
554 555
554 553
553 554
553 552
552 553
552 551
551 552
551 550
550 551
550 549
549 550
549 548
548 549
548 547
547 548
547 546
546 547
546 545
545 546
545 544
544 545
544 543
543 544
543 542
542 543
542 541
541 542
541 540
540 541
540 539
539 540
539 538
538 539
538 537
537 538
537 536
536 537
536 535
535 536
535 534
534 535
534 533
533 534
533 532
532 533
532 531
531 532
531 530
530 531
530 529
529 530
529 528
528 529
528 527
527 528
527 526
526 527
526 525
525 526
525 524
524 525
524 523
523 524
523 522
522 523
522 521
521 522
521 520
520 521
520 519
519 520
519 518
518 519
518 517
517 518
517 516
516 517
516 515
515 516
515 514
514 515
514 513
513 514
513 512
512 513
512 511
511 512
511 510
510 511
510 509
509 510
509 508
508 509
508 507
507 508
507 506
506 507
506 505
505 506
505 504
504 505
504 503
503 504
503 502
502 503
502 501
501 502
501 500
500 501
500 499
499 500
499 498
498 499
498 497
497 498
497 496
496 497
496 495
495 496
495 494
494 495
494 493
493 494
493 492
492 493
492 491
491 492
491 490
490 491
490 489
489 490
489 488
488 489
488 487
487 488
487 486
486 487
486 485
485 486
485 484
484 485
484 483
483 484
483 482
482 483
482 481
481 482
481 480
480 481
480 479
479 480
479 478
478 479
478 477
477 478
477 476
476 477
476 475
475 476
475 474
474 475
474 473
473 474
473 472
472 473
472 471
471 472
471 470
470 471
470 469
469 470
469 468
468 469
468 467
467 468
467 466
466 467
466 465
465 466
465 464
464 465
464 463
463 464
463 462
462 463
462 461
461 462
461 460
460 461
460 459
459 460
459 458
458 459
458 457
457 458
457 456
456 457
456 455
455 456
455 454
454 455
454 453
453 454
453 452
452 453
452 451
451 452
451 450
450 451
450 449
449 450
449 448
448 449
448 447
447 448
447 446
446 447
446 445
445 446
445 444
444 445
444 443
443 444
443 442
442 443
442 441
441 442
441 440
440 441
440 439
439 440
439 438
438 439
438 437
437 438
437 436
436 437
436 435
435 436
435 434
434 435
434 433
433 434
433 432
432 433
432 431
431 432
431 430
430 431
430 429
429 430
429 428
428 429
428 427
427 428
427 426
426 427
426 425
425 426
425 424
424 425
424 423
423 424
423 422
422 423
422 421
421 422
421 420
420 421
420 419
419 420
419 418
418 419
418 417
417 418
417 416
416 417
416 415
415 416
415 414
414 415
414 413
413 414
413 412
412 413
412 411
411 412
411 410
410 411
410 409
409 410
409 408
408 409
608 609
609 610
610 611
611 612
612 613
613 614
614 615
615 616
616 617
617 618
618 619
619 620
620 621
621 622
622 623
623 624
624 625
625 626
626 627
627 628
628 629
629 630
630 631
631 632
632 633
633 634
634 635
635 636
636 637
637 638
638 639
639 640
640 641
641 642
642 643
643 644
644 645
645 646
646 647
647 648
648 649
649 650
650 651
651 652
652 653
653 654
654 655
655 656
656 657
657 658
658 659
659 660
660 661
661 662
662 663
663 664
664 665
665 666
666 667
667 668
668 669
669 670
670 671
671 672
672 673
673 674
674 675
675 676
676 677
677 678
678 679
679 680
680 681
681 682
682 683
683 684
684 685
685 686
686 687
687 688
688 689
689 690
690 691
691 692
692 693
693 694
694 695
695 696
696 697
697 698
698 699
699 700
700 701
701 702
702 703
703 704
704 705
705 706
706 707
707 708
708 709
709 710
710 711
711 712
712 713
713 714
714 715
715 716
716 717
717 718
718 719
719 720
720 721
721 722
722 723
723 724
724 725
725 726
726 727
727 728
728 729
729 730
730 731
731 732
732 733
733 734
734 735
735 736
736 737
737 738
738 739
739 740
740 741
741 742
742 743
743 744
744 745
745 746
746 747
747 748
748 749
749 750
750 751
751 752
752 753
753 754
754 755
755 756
756 757
757 758
758 759
759 760
760 761
761 762
762 763
763 764
764 765
765 766
766 767
767 768
768 769
769 770
770 771
771 772
772 773
773 774
774 775
775 776
776 777
777 778
778 779
779 780
780 781
781 782
782 783
783 784
784 785
785 786
786 787
787 788
788 789
789 790
790 791
791 792
792 793
793 794
794 795
795 796
796 797
797 798
798 799
799 800
800 801
801 802
802 803
803 804
804 805
805 806
806 807
807 808
808 809
809 810
810 811
811 812
812 813
813 814
814 815
815 816
816 817
817 818
818 819
819 820
820 821
821 822
822 823
823 824
824 825
825 826
826 827
827 828
828 829
829 830
830 831
831 832
832 833
833 834
834 835
835 836
836 837
837 838
838 839
839 840
840 841
841 842
842 843
843 844
844 845
845 846
846 847
847 848
848 849
849 850
850 851
851 852
852 853
853 854
854 855
855 856
856 857
857 858
858 859
859 860
860 861
861 862
862 863
863 864
864 865
865 866
866 867
867 868
868 869
869 870
870 871
871 872
872 873
873 874
874 875
875 876
876 877
877 878
878 879
879 880
880 881
881 882
882 883
883 884
884 885
885 886
886 887
887 888
888 889
889 890
890 891
891 892
892 893
893 894
894 895
895 896
896 897
897 898
898 899
899 900
900 901
901 902
902 903
903 904
904 905
905 906
906 907
907 908
908 909
909 910
910 911
911 912
912 913
913 914
914 915
915 916
916 917
917 918
918 919
919 920
920 921
921 922
922 923
923 924
924 925
925 926
926 927
927 928
928 929
929 930
930 931
931 932
932 933
933 934
934 935
935 936
936 937
937 938
938 939
939 940
940 941
941 942
942 943
943 944
944 945
945 946
946 947
947 948
948 949
949 950
950 951
951 952
952 953
953 954
954 955
955 956
956 957
957 958
958 959
959 960
960 961
961 962
962 963
963 964
964 965
965 966
966 967
967 968
968 969
969 970
970 971
971 972
972 973
973 974
974 975
975 976
976 977
977 978
978 979
979 980
980 981
981 982
982 983
983 984
984 985
985 986
986 987
987 988
988 989
989 990
990 991
991 992
992 993
993 994
994 995
995 996
996 997
997 998
998 999
999 1000
1000 1001
1001 1002
1002 1003
1003 1004
1004 1005
1005 1006
1006 1007
1007 608
1 8
4 8
3 608
27 408
388 408
407 408
607 1008
1007 1008
807 1008
