U
127
190
1 2
1 3
2 4
2 5
3 6
3 7
4 8
4 9
5 10
5 11
6 12
6 13
7 14
7 15
8 16
8 17
9 18
9 19
10 20
10 21
11 22
11 23
12 24
12 25
13 26
13 27
14 28
14 29
15 30
15 31
16 32
16 33
17 34
17 35
18 36
18 37
19 38
19 39
20 40
20 41
21 42
21 43
22 44
22 45
23 46
23 47
24 48
24 49
25 50
25 51
26 52
26 53
27 54
27 55
28 56
28 57
29 58
29 59
30 60
30 61
31 62
31 63
32 64
32 65
33 66
33 67
34 68
34 69
35 70
35 71
36 72
36 73
37 74
37 75
38 76
38 77
39 78
39 79
40 80
40 81
41 82
41 83
42 84
42 85
43 86
43 87
44 88
44 89
45 90
45 91
46 92
46 93
47 94
47 95
48 96
48 97
49 98
49 99
50 100
50 101
51 102
51 103
52 104
52 105
53 106
53 107
54 108
54 109
55 110
55 111
56 112
56 113
57 114
57 115
58 116
58 117
59 118
59 119
60 120
60 121
61 122
61 123
62 124
62 125
63 126
63 127
8 64
8 65
8 66
8 67
8 68
8 69
8 70
8 71
9 72
9 73
9 74
9 75
9 76
9 77
9 78
9 79
10 80
10 81
10 82
10 83
10 84
10 85
10 86
10 87
11 88
11 89
11 90
11 91
11 92
11 93
11 94
11 95
12 96
12 97
12 98
12 99
12 100
12 101
12 102
12 103
13 104
13 105
13 106
13 107
13 108
13 109
13 110
13 111
14 112
14 113
14 114
14 115
14 116
14 117
14 118
14 119
15 120
15 121
15 122
15 123
15 124
15 125
15 126
15 127
