U
127
190
1 2
1 3
2 4
2 5
3 6
3 7
4 8
4 9
5 10
5 11
6 12
6 13
7 14
7 15
8 16
8 17
9 18
9 19
10 20
10 21
11 22
11 23
12 24
12 25
13 26
13 27
14 28
14 29
15 30
15 31
16 32
16 33
17 34
17 35
18 36
18 37
19 38
19 39
20 40
20 41
21 42
21 43
22 44
22 45
23 46
23 47
24 48
24 49
25 50
25 51
26 52
26 53
27 54
27 55
28 56
28 57
29 58
29 59
30 60
30 61
31 62
31 63
32 64
32 65
33 66
33 67
34 68
34 69
35 70
35 71
36 72
36 73
37 74
37 75
38 76
38 77
39 78
39 79
40 80
40 81
41 82
41 83
42 84
42 85
43 86
43 87
44 88
44 89
45 90
45 91
46 92
46 93
47 94
47 95
48 96
48 97
49 98
49 99
50 100
50 101
51 102
51 103
52 104
52 105
53 106
53 107
54 108
54 109
55 110
55 111
56 112
56 113
57 114
57 115
58 116
58 117
59 118
59 119
60 120
60 121
61 122
61 123
62 124
62 125
63 126
63 127
16 64
16 65
16 66
16 67
17 68
17 69
17 70
17 71
18 72
18 73
18 74
18 75
19 76
19 77
19 78
19 79
20 80
20 81
20 82
20 83
21 84
21 85
21 86
21 87
22 88
22 89
22 90
22 91
23 92
23 93
23 94
23 95
24 96
24 97
24 98
24 99
25 100
25 101
25 102
25 103
26 104
26 105
26 106
26 107
27 108
27 109
27 110
27 111
28 112
28 113
28 114
28 115
29 116
29 117
29 118
29 119
30 120
30 121
30 122
30 123
31 124
31 125
31 126
31 127
