D
100
261
1 2
1 11
2 3
2 12
3 4
3 13
4 5
4 14
5 6
5 15
6 7
6 16
7 8
7 17
8 9
8 18
9 10
9 19
10 20
11 12
11 21
12 13
12 22
13 14
13 23
14 15
14 24
15 16
15 25
16 17
16 26
17 18
17 27
18 19
18 28
19 20
19 29
20 30
21 22
21 31
22 23
22 32
23 24
23 33
24 25
24 34
25 26
25 35
26 27
26 36
27 28
27 37
28 29
28 38
29 30
29 39
30 40
31 32
31 41
32 33
32 42
33 34
33 43
34 35
34 44
35 36
35 45
36 37
36 46
37 38
37 47
38 39
38 48
39 40
39 49
40 50
41 42
41 51
42 43
42 52
43 44
43 53
44 45
44 54
45 46
45 55
46 47
46 56
47 48
47 57
48 49
48 58
49 50
49 59
50 60
51 52
51 61
52 53
52 62
53 54
53 63
54 55
54 64
55 56
55 65
56 57
56 66
57 58
57 67
58 59
58 68
59 60
59 69
60 70
61 62
61 71
62 63
62 72
63 64
63 73
64 65
64 74
65 66
65 75
66 67
66 76
67 68
67 77
68 69
68 78
69 70
69 79
70 80
71 72
71 81
72 73
72 82
73 74
73 83
74 75
74 84
75 76
75 85
76 77
76 86
77 78
77 87
78 79
78 88
79 80
79 89
80 90
81 82
81 91
82 83
82 92
83 84
83 93
84 85
84 94
85 86
85 95
86 87
86 96
87 88
87 97
88 89
88 98
89 90
89 99
90 100
91 92
92 93
93 94
94 95
95 96
96 97
97 98
98 99
99 100
1 12
2 13
3 14
4 15
5 16
6 17
7 18
8 19
9 20
11 22
12 23
13 24
14 25
15 26
16 27
17 28
18 29
19 30
21 32
22 33
23 34
24 35
25 36
26 37
27 38
28 39
29 40
31 42
32 43
33 44
34 45
35 46
36 47
37 48
38 49
39 50
41 52
42 53
43 54
44 55
45 56
46 57
47 58
48 59
49 60
51 62
52 63
53 64
54 65
55 66
56 67
57 68
58 69
59 70
61 72
62 73
63 74
64 75
65 76
66 77
67 78
68 79
69 80
71 82
72 83
73 84
74 85
75 86
76 87
77 88
78 89
79 90
81 92
82 93
83 94
84 95
85 96
86 97
87 98
88 99
89 100
